----- file: tc70_armyknights -----
5
999 10 5 999 5
999 10 5 999 5
999 10 5 999 5
999 10 5 999 5
999 10 5 999 5
----- file: tc70_events -----
9
95 10 96 11 97 11 98 10 99

----- file: tc68_armyknights -----
5
33 10 5 999 5
66 10 5 999 5
99 10 5 999 5
333 10 5 999 5
666 10 5 999 5
----- file: tc68_events -----
19
9 95 11 11 11 11 95 95 95 95 1 2 3 4 5 96 97 98 99

----- file: tc50_armyknights -----
3
123 10 0 899 0
456 10 5 999 5
789 10 5 500 0
----- file: tc50_events -----
14
95 95 96 96 97 97 98 98 7 6 1 1 6 99